%YAML:1.0
---
intrinsic: !!opencv-matrix
   rows: 3
   cols: 3
   dt: d
   data: [ 8.2122868636215446e+02, 0., 3.3439543241351339e+02, 0.,
       8.2752116943431520e+02, 2.4802294729024453e+02, 0., 0., 1. ]
distortion: !!opencv-matrix
   rows: 1
   cols: 5
   dt: d
   data: [ -2.1391764447035510e-02, 8.2089271436277866e-01,
       -3.9792751329194246e-03, 3.6909492596078034e-03,
       -1.6294244961004181e+00 ]
