<?xml version="1.0"?>
<opencv_storage>
<intrinsic type_id="opencv-matrix">
  <rows>3</rows>
  <cols>3</cols>
  <dt>d</dt>
  <data>
    9.2121423836804490e+02 0. 4.9414166834693066e+02 0.
    9.2558627421023016e+02 3.7187494285333861e+02 0. 0. 1.</data></intrinsic>
<distortion type_id="opencv-matrix">
  <rows>1</rows>
  <cols>5</cols>
  <dt>d</dt>
  <data>
    1.1076620195308648e-02 -2.3082188092972022e-01
    1.6790622067816782e-03 5.5765347339772485e-04 5.7235943744428852e-01</data></distortion>
<newcameramtx type_id="opencv-matrix">
  <rows>3</rows>
  <cols>3</cols>
  <dt>d</dt>
  <data>
    9.2609619140625000e+02 0. 4.9329777141640079e+02 0.
    9.3110534667968750e+02 3.7200162723191170e+02 0. 0. 1.</data></newcameramtx>
</opencv_storage>
